1,1,10,Test,1,1.0
2,1,30,Test300,0,20.0
3,2,10,Test,3,4.0
4,2,20,Test2001,1,1.0
5,2,30,Test300,2,40.0
6,3,70,test70,2,198.0
7,3,80,80tseet,1,40.0
8,4,30,Test300,0,60.0
9,4,40,Test400,1,1.0
10,5,20,Test2001,0,20.0
11,5,40,Test400,0,4.0
12,5,70,test70,1,99.0
13,5,80,80tseet,1,40.0
14,5,60,Test600,1,1.0
15,5,50,Test500,1,1.0
16,5,40,Test400,0,1.0
17,6,20,Test2001,0,0.0
18,6,30,Test300,0,0.0
19,6,40,Test400,0,0.0
20,7,10,Test,1,30.0
21,7,10,Test,1,30.0
22,7,70,test70,1,99.0
23,7,80,80tseet,1,40.0
24,8,70,test70,1,99.0
25,8,10,Test,1,30.0
26,9,70,test70,1,99.0
27,9,70,test70,1,99.0
28,10,70,test70,1,99.0
29,10,10,Test,1,30.0
30,11,30,Test300,1,20.0
31,11,70,test70,2,198.0
32,12,10,Test,1,30.0
33,12,80,80tseet,1,40.0
34,13,80,80tseet,1,40.0
35,13,60,Test600,1,1.0
36,13,70,test70,1,99.0
37,14,10,Test,1,30.0
38,14,10,Test,1,30.0
39,14,10,Test,1,30.0
40,14,70,test70,1,99.0
41,14,70,test70,1,99.0
42,14,80,80tseet,1,40.0
43,15,30,Test300,1,20.0
44,15,70,test70,1,99.0
45,15,20,Test2001,1,10.0
46,16,40,Test400,0,0.0
47,16,80,80tseet,1,40.0
48,16,80,80tseet,1,40.0
49,17,70,test70,1,99.0
50,17,70,test70,1,99.0
51,17,70,test70,1,99.0
52,17,70,test70,1,99.0
53,17,70,test70,1,99.0
54,17,70,test70,1,99.0
55,18,70,test70,1,99.0
56,18,70,test70,1,99.0
57,18,70,test70,1,99.0
58,18,70,test70,1,99.0
59,18,70,test70,1,99.0
60,18,70,test70,1,99.0
61,18,70,test70,1,99.0
62,19,80,1234567890123456788900000,1,40.0
